Gomiti: 2.560382694897402
Schiena: 49.90070921985816
Volto: 57.20857511283043
