Gomiti: 6.598185505498263
Schiena: 75.09219858156028
Volto: 57.731315454719706
