Piedi: 331.030303030303
Gomiti: 70.33628318584071
