Piedi: 37.407272727272726
Gomiti: 61.81454545454545
Schiena: 54.42181818181818
