Gomiti: 2.304324809837598
Schiena: 12.022556390977444
Volto: 25.07006151742994
