Gomiti: 2.5650044534737146
Schiena: 49.87234042553192
Volto: 57.196647324306895
