Piedi: 52.15436241610738
Scende: 555.7106918238994
