Gomiti: 2.3440186314222666
Schiena: 18.127819548872182
Volto: 37.84073820915926
