Piedi: 35.082644628099175
Scende: 475.72314049586777
