Gomiti: 122.16417910447763
Spalle(Larghe): 238.4269662921348
Spalle(Strette): 144.50378787878788
