Gomiti: 71.49375
Spalle: 27.985416666666666
